4009.00000 8.93476400          0          0          0          0 
5701170.00 5701170.00          0          0          1        274 
       274          2                                             
300000.000 5.00090E-8 320000.000 9.07780E-8 340000.000 1.74020E-7 
360000.000 3.57210E-7 380000.000 7.29560E-7 400000.000 1.57370E-6 
420000.000 3.48760E-6 440000.000 7.97470E-6 460000.000 1.92680E-5 
480000.000 4.70380E-5 500000.000 1.04750E-4 520000.000 1.64870E-4 
540000.000 1.72190E-4 560000.000 1.51290E-4 580000.000 1.32460E-4 
600000.000 1.30340E-4 614500.000 3.78800E-4 617100.000 6.50340E-4 
620000.000 5.47240E-4 640000.000 1.42730E-4 660000.000 1.25040E-4 
680000.000 1.26360E-4 700000.000 1.31620E-4 720000.000 1.39020E-4 
740000.000 1.48970E-4 760000.000 1.61050E-4 780000.000 1.74920E-4 
800000.000 1.89770E-4 820000.000 2.09260E-4 840000.000 2.30590E-4 
860000.000 2.53460E-4 900000.000 3.09530E-4 920000.000 3.42240E-4 
940000.000 3.79950E-4 960000.000 4.22590E-4 980000.000 4.68500E-4 
1000000.00 5.18300E-4 1020000.00 5.77260E-4 1040000.00 6.51610E-4 
1060000.00 7.16890E-4 1080000.00 7.99580E-4 1100000.00 8.96690E-4 
1120000.00 .001005600 1140000.00 .001111100 1160000.00 .001254900 
1180000.00 .001412300 1200000.00 .001576500 1220000.00 .001785300 
1240000.00 .002029600 1260000.00 .002315700 1280000.00 .002627000 
1300000.00 .003026300 1320000.00 .003463500 1340000.00 .003976000 
1360000.00 .004623500 1380000.00 .005407700 1400000.00 .006449200 
1420000.00 .007613900 1440000.00 .009261800 1460000.00 .011250000 
1480000.00 .013822000 1500000.00 .017084000 1520000.00 .020649000 
1540000.00 .024367000 1560000.00 .027643000 1580000.00 .029863000 
1600000.00 .031658000 1620000.00 .033635000 1640000.00 .036553000 
1660000.00 .040866000 1680000.00 .046898000 1700000.00 .055299000 
1720000.00 .065580000 1740000.00 .078000000 1760000.00 .101000000 
1780000.00 .136004000 1800000.00 .202712000 1820000.00 .225002000 
1840000.00 .262996000 1860000.00 .285997000 1880000.00 .299321000 
1900000.00 .296646000 1920000.00 .266998000 1940000.00 .241000000 
1960000.00 .223621000 1980000.00 .210726000 2000000.00 .201000000 
2020000.00 .193347000 2040000.00 .187349000 2060000.00 .182806000 
2080000.00 .179474000 2100000.00 .177116000 2120000.00 .175440000 
2180000.00 .171733000 2200000.00 .170000000 2220000.00 .167634000 
2300000.00 .155390000 2320000.00 .152726000 2360000.00 .148531000 
2420000.00 .143188100 2460000.00 .138918800 2480000.00 .140130700 
2500000.00 .152013500 2520000.00 .160050400 2540000.00 .140153200 
2560000.00 .142022100 2580000.00 .154499900 2600000.00 .148027800 
2620000.00 .133964600 2640000.00 .130930500 2660000.00 .130036300 
2680000.00 .127772200 2700000.00 .116838100 2720000.00 .111085900 
2740000.00 .114758800 2760000.00 .112094600 2780000.00 .102053500 
2800000.00 .096277310 2820000.00 .095220160 2840000.00 .096852550 
2860000.00 .098244570 2880000.00 .098362600 2900000.00 .097520980 
2940000.00 .094558620 2960000.00 .093325840 2980000.00 .092604800 
3000000.00 .092413490 3020000.00 .092711570 3046000.00 .093797990 
3060000.00 .094609070 3084000.00 .096456900 3160000.00 .103327400 
3180000.00 .104820200 3200000.00 .105959400 3240000.00 .107301400 
3280000.00 .108317600 3300000.00 .109049500 3320000.00 .110124900 
3340000.00 .111667300 3360000.00 .113670700 3426000.00 .121477900 
3464000.00 .125356500 3540000.00 .132296600 3560000.00 .134422100 
3600000.00 .139492700 3660000.00 .148474300 3680000.00 .151849500 
3700000.00 .155857000 3720000.00 .160834700 3760000.00 .171922300 
3780000.00 .176168700 3800000.00 .178347200 3820000.00 .179273800 
3840000.00 .181278400 3860000.00 .187044400 3880000.00 .198823000 
3900000.00 .219947800 3920000.00 .253691000 3940000.00 .306597500 
3960000.00 .368629800 3980000.00 .408933100 3996000.00 .407903800 
4000000.00 .406125600 4020000.00 .378834200 4034000.00 .354116300 
4040000.00 .344417300 4060000.00 .326117500 4080000.00 .317082900 
4100000.00 .315971000 4110000.00 .317860100 4120000.00 .318777300 
4140000.00 .323771700 4180000.00 .336413300 4200000.00 .340741700 
4240000.00 .342865200 4260000.00 .346601200 4280000.00 .355288200 
4300000.00 .364913200 4320000.00 .370487100 4360000.00 .371441200 
4380000.00 .374999100 4400000.00 .384744600 4420000.00 .397248900 
4440000.00 .407817000 4460000.00 .414326600 4480000.00 .417468400 
4500000.00 .417941800 4528000.00 .415503900 4604000.00 .405081900 
4620000.00 .403707700 4640000.00 .403147900 4660000.00 .405472400 
4680000.00 .408756300 4740000.00 .422182400 4780000.00 .432566200 
4800000.00 .439339200 4870000.00 .468171500 4908000.00 .480904000 
4946000.00 .490419500 4984000.00 .496972400 5022000.00 .500939100 
5120000.00 .506608900 5160000.00 .511237200 5200000.00 .518946100 
5260000.00 .533797300 5300000.00 .540116400 5320000.00 .541138300 
5340000.00 .540607500 5380000.00 .536270900 5440000.00 .528343000 
5480000.00 .524394400 5520000.00 .522785300 5554000.00 .524493800 
5580000.00 .528139100 5600000.00 .532418300 5620000.00 .539294400 
5640000.00 .548413400 5660000.00 .573266100 5680000.00 .589207200 
5689640.00 .598663200 5700000.00 .620247400 5706000.00 .625376300 
5720000.00 .626991400 5744000.00 .626558000 5760000.00 .624854800 
5800000.00 .616514700 5880000.00 .590500700 5920000.00 .580321700 
5960000.00 .573735200 6162000.00 .552623800 6200000.00 .550240000 
6220000.00 .550107900 6260000.00 .551957400 6400000.00 .567093600 
6466000.00 .568500400 6540000.00 .567959500 6542000.00 .567966500 
6560000.00 .567921300 6640000.00 .569965000 6800000.00 .576275200 
6884000.00 .573990400 7100000.00 .560832800 7160000.00 .559632400 
7226000.00 .561632600 7280000.00 .566344800 7340000.00 .574710000 
7400000.00 .586654800 7460000.00 .601796600 7580000.00 .636636500 
7620000.00 .645901100 7660000.00 .652615900 7720000.00 .658160000 
7796000.00 .659940000 7800000.00 .659843400 7834000.00 .659962600 
7986000.00 .655301800 8000000.00 .655314900 8200000.00 .649039600 
8404000.00 .654619400 8620000.00 .694563300 8800000.00 .732397200 
9000000.00 .759032200 9012000.00 .759178800 9202000.00 .756294500 
9600000.00 .718767300 9820000.00 .704174900 10000000.0 .696270000 
11000000.0 .724740000 11500000.0 .723060000 12500000.0 .706465000 
12600000.0 .706555600 13000000.0 .706090000 14000000.0 .722930000 
15000000.0 .720576400                                             
