  0
  0
   59
1.250000E+05 0.000000E+00 2.500000E+05 6.454300E-13 1.371020E+06 1.943100E-127 
2.000000E+06 7.374700E-12 3.000000E+06 3.625880E-08 4.000000E+06 6.206070E-67 
4.488180E+06 9.546130E-05 4.994404E+06 1.880160E-04 5.000000E+06 1.890390E-47 
5.377102E+06 9.358230E-04 5.632236E+06 1.441072E-03 6.000000E+06 2.169365E-03 
7.000000E+06 1.315234E-02 7.231026E+06 2.018297E-02 7.351021E+06 2.383469E-02 
7.584101E+06 3.092783E-02 8.000000E+06 4.929175E-02 8.448743E+06 8.295328E-02 
9.000000E+06 1.243047E-01 1.000000E+07 2.327967E-01 1.077932E+07 3.331581E-01 
1.100000E+07 3.615774E-01 1.193945E+07 4.938900E-01 1.200000E+07 5.024179E-01 
1.299491E+07 6.463695E-01 1.299869E+07 6.469164E-01 1.300000E+07 6.471059E-01 
1.301594E+07 6.493173E-01 1.400000E+07 7.858379E-01 1.500000E+07 9.115316E-01 
1.511089E+07 9.225289E-01 1.529622E+07 9.409088E-01 1.600000E+07 1.021099E+00 
1.700000E+07 1.115084E+00 1.800000E+07 1.196904E+00 1.823059E+07 1.213673E+00 
1.900000E+07 1.269627E+00 2.000000E+07 1.335442E+00 2.046722E+07 1.361458E+00 
2.181282E+07 1.436383E+00 2.200000E+07 1.446808E+00 2.400000E+07 1.534927E+00 
2.600000E+07 1.608228E+00 2.800000E+07 1.670306E+00 3.000000E+07 1.721229E+00 
3.000000E+07 1.729130E+00 3.500000E+07 1.821690E+00 4.000000E+07 1.882600E+00 
4.500000E+07 1.915130E+00 5.000000E+07 1.930940E+00 5.500000E+07 1.933160E+00 
6.000000E+07 1.926950E+00 7.000000E+07 1.898920E+00 1.000000E+08 1.783240E+00 
1.200000E+08 1.715380E+00 1.400000E+08 1.660990E+00 1.600000E+08 1.618340E+00 
1.800000E+08 1.584900E+00 2.000000E+08 1.558390E+00 
