  0
  0
  274
3.000000E+05 5.000900E-08 3.200000E+05 9.077800E-08 3.400000E+05 1.740200E-07 
3.600000E+05 3.572100E-07 3.800000E+05 7.295600E-07 4.000000E+05 1.573700E-06 
4.200000E+05 3.487600E-06 4.400000E+05 7.974700E-06 4.600000E+05 1.926800E-05 
4.800000E+05 4.703800E-05 5.000000E+05 1.047500E-04 5.200000E+05 1.648700E-04 
5.400000E+05 1.721900E-04 5.600000E+05 1.512900E-04 5.800000E+05 1.324600E-04 
6.000000E+05 1.303400E-04 6.145000E+05 3.788000E-04 6.171000E+05 6.503400E-04 
6.200000E+05 5.472400E-04 6.400000E+05 1.427300E-04 6.600000E+05 1.250400E-04 
6.800000E+05 1.263600E-04 7.000000E+05 1.316200E-04 7.200000E+05 1.390200E-04 
7.400000E+05 1.489700E-04 7.600000E+05 1.610500E-04 7.800000E+05 1.749200E-04 
8.000000E+05 1.897700E-04 8.200000E+05 2.092600E-04 8.400000E+05 2.305900E-04 
8.600000E+05 2.534600E-04 9.000000E+05 3.095300E-04 9.200000E+05 3.422400E-04 
9.400000E+05 3.799500E-04 9.600000E+05 4.225900E-04 9.800000E+05 4.685000E-04 
1.000000E+06 5.183000E-04 1.020000E+06 5.772600E-04 1.040000E+06 6.516100E-04 
1.060000E+06 7.168900E-04 1.080000E+06 7.995800E-04 1.100000E+06 8.966900E-04 
1.120000E+06 1.005600E-03 1.140000E+06 1.111100E-03 1.160000E+06 1.254900E-03 
1.180000E+06 1.412300E-03 1.200000E+06 1.576500E-03 1.220000E+06 1.785300E-03 
1.240000E+06 2.029600E-03 1.260000E+06 2.315700E-03 1.280000E+06 2.627000E-03 
1.300000E+06 3.026300E-03 1.320000E+06 3.463500E-03 1.340000E+06 3.976000E-03 
1.360000E+06 4.623500E-03 1.380000E+06 5.407700E-03 1.400000E+06 6.449200E-03 
1.420000E+06 7.613900E-03 1.440000E+06 9.261800E-03 1.460000E+06 1.125000E-02 
1.480000E+06 1.382200E-02 1.500000E+06 1.708400E-02 1.520000E+06 2.064900E-02 
1.540000E+06 2.436700E-02 1.560000E+06 2.764300E-02 1.580000E+06 2.986300E-02 
1.600000E+06 3.165800E-02 1.620000E+06 3.363500E-02 1.640000E+06 3.655300E-02 
1.660000E+06 4.086600E-02 1.680000E+06 4.689800E-02 1.700000E+06 5.529900E-02 
1.720000E+06 6.558000E-02 1.740000E+06 7.800000E-02 1.760000E+06 1.010000E-01 
1.780000E+06 1.360040E-01 1.800000E+06 2.027120E-01 1.820000E+06 2.250020E-01 
1.840000E+06 2.629960E-01 1.860000E+06 2.859970E-01 1.880000E+06 2.993210E-01 
1.900000E+06 2.966460E-01 1.920000E+06 2.669980E-01 1.940000E+06 2.410000E-01 
1.960000E+06 2.236210E-01 1.980000E+06 2.107260E-01 2.000000E+06 2.010000E-01 
2.020000E+06 1.933470E-01 2.040000E+06 1.873490E-01 2.060000E+06 1.828060E-01 
2.080000E+06 1.794740E-01 2.100000E+06 1.771160E-01 2.120000E+06 1.754400E-01 
2.180000E+06 1.717330E-01 2.200000E+06 1.700000E-01 2.220000E+06 1.676340E-01 
2.300000E+06 1.553900E-01 2.320000E+06 1.527260E-01 2.360000E+06 1.485310E-01 
2.420000E+06 1.431881E-01 2.460000E+06 1.389188E-01 2.480000E+06 1.401307E-01 
2.500000E+06 1.520135E-01 2.520000E+06 1.600504E-01 2.540000E+06 1.401532E-01 
2.560000E+06 1.420221E-01 2.580000E+06 1.544999E-01 2.600000E+06 1.480278E-01 
2.620000E+06 1.339646E-01 2.640000E+06 1.309305E-01 2.660000E+06 1.300363E-01 
2.680000E+06 1.277722E-01 2.700000E+06 1.168381E-01 2.720000E+06 1.110859E-01 
2.740000E+06 1.147588E-01 2.760000E+06 1.120946E-01 2.780000E+06 1.020535E-01 
2.800000E+06 9.627731E-02 2.820000E+06 9.522016E-02 2.840000E+06 9.685255E-02 
2.860000E+06 9.824457E-02 2.880000E+06 9.836260E-02 2.900000E+06 9.752098E-02 
2.940000E+06 9.455862E-02 2.960000E+06 9.332584E-02 2.980000E+06 9.260480E-02 
3.000000E+06 9.241349E-02 3.020000E+06 9.271157E-02 3.046000E+06 9.379799E-02 
3.060000E+06 9.460907E-02 3.084000E+06 9.645690E-02 3.160000E+06 1.033274E-01 
3.180000E+06 1.048202E-01 3.200000E+06 1.059594E-01 3.240000E+06 1.073014E-01 
3.280000E+06 1.083176E-01 3.300000E+06 1.090495E-01 3.320000E+06 1.101249E-01 
3.340000E+06 1.116673E-01 3.360000E+06 1.136707E-01 3.426000E+06 1.214779E-01 
3.464000E+06 1.253565E-01 3.540000E+06 1.322966E-01 3.560000E+06 1.344221E-01 
3.600000E+06 1.394927E-01 3.660000E+06 1.484743E-01 3.680000E+06 1.518495E-01 
3.700000E+06 1.558570E-01 3.720000E+06 1.608347E-01 3.760000E+06 1.719223E-01 
3.780000E+06 1.761687E-01 3.800000E+06 1.783472E-01 3.820000E+06 1.792738E-01 
3.840000E+06 1.812784E-01 3.860000E+06 1.870444E-01 3.880000E+06 1.988230E-01 
3.900000E+06 2.199478E-01 3.920000E+06 2.536910E-01 3.940000E+06 3.065975E-01 
3.960000E+06 3.686298E-01 3.980000E+06 4.089331E-01 3.996000E+06 4.079038E-01 
4.000000E+06 4.061256E-01 4.020000E+06 3.788342E-01 4.034000E+06 3.541163E-01 
4.040000E+06 3.444173E-01 4.060000E+06 3.261175E-01 4.080000E+06 3.170829E-01 
4.100000E+06 3.159710E-01 4.110000E+06 3.178601E-01 4.120000E+06 3.187773E-01 
4.140000E+06 3.237717E-01 4.180000E+06 3.364133E-01 4.200000E+06 3.407417E-01 
4.240000E+06 3.428652E-01 4.260000E+06 3.466012E-01 4.280000E+06 3.552882E-01 
4.300000E+06 3.649132E-01 4.320000E+06 3.704871E-01 4.360000E+06 3.714412E-01 
4.380000E+06 3.749991E-01 4.400000E+06 3.847446E-01 4.420000E+06 3.972489E-01 
4.440000E+06 4.078170E-01 4.460000E+06 4.143266E-01 4.480000E+06 4.174684E-01 
4.500000E+06 4.179418E-01 4.528000E+06 4.155039E-01 4.604000E+06 4.050819E-01 
4.620000E+06 4.037077E-01 4.640000E+06 4.031479E-01 4.660000E+06 4.054724E-01 
4.680000E+06 4.087563E-01 4.740000E+06 4.221824E-01 4.780000E+06 4.325662E-01 
4.800000E+06 4.393392E-01 4.870000E+06 4.681715E-01 4.908000E+06 4.809040E-01 
4.946000E+06 4.904195E-01 4.984000E+06 4.969724E-01 5.022000E+06 5.009391E-01 
5.120000E+06 5.066089E-01 5.160000E+06 5.112372E-01 5.200000E+06 5.189461E-01 
5.260000E+06 5.337973E-01 5.300000E+06 5.401164E-01 5.320000E+06 5.411383E-01 
5.340000E+06 5.406075E-01 5.380000E+06 5.362709E-01 5.440000E+06 5.283430E-01 
5.480000E+06 5.243944E-01 5.520000E+06 5.227853E-01 5.554000E+06 5.244938E-01 
5.580000E+06 5.281391E-01 5.600000E+06 5.324183E-01 5.620000E+06 5.392944E-01 
5.640000E+06 5.484134E-01 5.660000E+06 5.732661E-01 5.680000E+06 5.892072E-01 
5.689640E+06 5.986632E-01 5.700000E+06 6.202474E-01 5.706000E+06 6.253763E-01 
5.720000E+06 6.269914E-01 5.744000E+06 6.265580E-01 5.760000E+06 6.248548E-01 
5.800000E+06 6.165147E-01 5.880000E+06 5.905007E-01 5.920000E+06 5.803217E-01 
5.960000E+06 5.737352E-01 6.162000E+06 5.526238E-01 6.200000E+06 5.502400E-01 
6.220000E+06 5.501079E-01 6.260000E+06 5.519574E-01 6.400000E+06 5.670936E-01 
6.466000E+06 5.685004E-01 6.540000E+06 5.679595E-01 6.542000E+06 5.679665E-01 
6.560000E+06 5.679213E-01 6.640000E+06 5.699650E-01 6.800000E+06 5.762752E-01 
6.884000E+06 5.739904E-01 7.100000E+06 5.608328E-01 7.160000E+06 5.596324E-01 
7.226000E+06 5.616326E-01 7.280000E+06 5.663448E-01 7.340000E+06 5.747100E-01 
7.400000E+06 5.866548E-01 7.460000E+06 6.017966E-01 7.580000E+06 6.366365E-01 
7.620000E+06 6.459011E-01 7.660000E+06 6.526159E-01 7.720000E+06 6.581600E-01 
7.796000E+06 6.599400E-01 7.800000E+06 6.598434E-01 7.834000E+06 6.599626E-01 
7.986000E+06 6.553018E-01 8.000000E+06 6.553149E-01 8.200000E+06 6.490396E-01 
8.404000E+06 6.546194E-01 8.620000E+06 6.945633E-01 8.800000E+06 7.323972E-01 
9.000000E+06 7.590322E-01 9.012000E+06 7.591788E-01 9.202000E+06 7.562945E-01 
9.600000E+06 7.187673E-01 9.820000E+06 7.041749E-01 1.000000E+07 6.962700E-01 
1.100000E+07 7.247400E-01 1.150000E+07 7.230600E-01 1.250000E+07 7.064650E-01 
1.260000E+07 7.065556E-01 1.300000E+07 7.060900E-01 1.400000E+07 7.229300E-01 
1.500000E+07 7.205764E-01 
